4
8
2
13
14
19
24
21
27
34
32
35
48
46
42
52
53
54
69
62
63
72
71
77
85
87
83
3
2
1
14
13
20
25
22
28
31
39
33
45
49
48
54
60
52
66
63
64
75
80
76
84
89
88
2
1
8
14
17
18
23
27
22
35
34
37
45
42
48
52
60
57
68
63
70
78
74
80
81
86
89
6
1
5
19
18
12
27
22
21
40
31
39
41
45
43
55
56
58
68
64
61
74
77
79
86
83
85
4
6
2
15
16
11
21
26
22
32
34
36
42
48
41
51
56
54
65
68
69
75
79
77
81
84
88
6
3
10
18
17
15
22
27
26
36
34
32
41
45
50
58
52
57
70
61
64
80
74
71
82
84
89
10
7
1
12
19
17
29
22
23
39
31
33
45
41
43
52
54
57
62
67
64
73
71
80
89
88
83
2
1
4
17
19
15
26
23
22
35
33
32
44
48
41
53
55
57
65
66
70
71
76
74
83
81
90
8
1
7
12
13
18
27
28
23
39
32
36
48
45
44
56
57
52
61
63
70
74
76
75
86
88
85
5
3
7
13
11
18
30
29
28
35
37
38
44
42
49
56
57
54
65
62
70
77
78
76
81
88
84
6
9
1
18
13
19
26
21
27
37
39
35
43
48
46
58
56
57
63
68
64
79
71
74
83
85
87
6
9
1
14
13
16
28
29
27
32
38
35
49
42
41
58
59
60
70
66
62
74
77
75
90
85
86
5
10
4
13
18
16
27
29
22
33
38
40
47
46
44
56
57
55
69
63
65
72
76
79
81
83
82
4
5
3
17
18
11
22
30
21
35
39
33
50
41
42
51
58
55
68
69
63
80
78
77
81
89
90
2
5
9
14
16
11
21
23
24
31
36
32
45
50
48
51
57
53
66
70
64
74
71
78
81
87
88
8
10
3
19
16
11
27
30
26
33
40
38
44
43
47
55
58
53
65
70
63
72
76
71
90
85
89
7
1
4
19
13
11
24
30
22
34
40
33
47
49
41
54
53
51
66
65
63
71
80
76
87
82
88
3
1
7
11
18
16
27
21
22
34
33
40
42
44
43
58
57
56
69
64
62
71
80
72
85
90
87
10
7
5
19
12
16
29
24
28
32
34
39
47
45
42
51
57
53
64
61
68
79
75
73
87
82
84
3
9
1
18
11
17
30
27
29
31
32
34
46
49
48
57
56
58
64
61
67
80
73
76
86
81
85
8
7
5
19
17
18
26
28
27
38
36
31
47
45
50
54
57
52
61
62
70
73
78
77
90
83
84
1
9
6
13
20
11
25
26
29
34
38
35
47
45
44
55
54
59
64
69
65
79
77
71
81
86
82
1
6
10
12
18
20
27
30
24
34
39
32
50
46
42
56
52
54
70
63
64
75
74
73
81
84
89
8
5
6
17
19
20
28
25
26
31
40
34
47
44
46
54
55
57
64
70
66
77
80
75
88
83
85
2
9
7
14
18
19
22
28
30
32
31
38
48
42
43
52
51
54
69
62
64
79
80
71
86
82
90
2
9
6
13
14
18
26
22
30
34
33
39
50
46
48
60
51
58
61
70
62
71
74
76
86
89
84
10
7
3
16
20
13
27
23
22
37
36
34
50
45
47
54
60
56
66
69
65
73
80
77
89
81
84
4
10
3
17
16
15
27
22
28
40
35
33
41
44
42
54
55
53
67
63
62
78
74
71
85
81
83
10
5
2
12
19
20
24
27
21
31
36
35
47
45
48
57
51
56
66
63
65
75
71
73
86
82
83
1
3
4
18
16
13
30
22
27
34
37
39
47
44
43
57
55
60
64
65
63
75
74
76
90
81
82
7
5
1
17
15
11
23
21
25
36
40
33
49
45
47
56
60
54
70
63
64
74
75
77
81
87
84
2
4
7
19
13
14
25
23
22
33
39
34
47
50
43
52
51
56
64
65
67
76
75
72
83
90
88
5
3
6
17
20
11
22
29
24
32
34
36
44
50
42
54
57
60
62
68
69
74
72
76
87
86
83
1
2
3
14
13
19
29
23
30
37
32
34
46
47
48
53
56
59
62
66
64
79
78
75
90
83
89
4
2
1
19
20
11
29
28
25
33
34
36
42
46
44
52
57
53
69
68
64
71
72
78
87
85
84
1
3
6
15
20
14
22
24
25
33
36
31
41
49
47
54
51
52
65
68
66
71
77
75
83
84
82
3
8
4
11
15
16
23
24
26
34
31
40
44
49
46
55
59
57
64
61
65
74
72
75
86
90
88
38
4
11
15
16
23
24
26
34
31
40
44
49
46
55
59
57
64
61
65
74
72
75
86
90
88
5
4
9
16
20
15
26
28
29
39
32
38
49
50
43
59
54
55
61
66
67
73
77
76
84
81
88
10
6
7
17
15
19
29
27
24
39
34
31
47
43
42
52
55
51
62
66
67
72
79
75
88
86
83
1
9
6
12
16
18
25
26
29
37
35
40
50
49
42
52
53
58
69
64
62
72
73
76
90
83
85
3
8
2
19
20
16
29
26
21
37
35
39
47
48
45
53
59
60
65
70
61
77
79
80
88
87
86
8
7
9
16
11
19
22
25
28
37
40
32
44
41
46
58
53
52
61
63
66
73
72
78
90
89
85
10
6
3
20
18
19
24
28
22
38
39
36
43
42
46
54
55
60
64
68
63
73
79
78
86
87
82
3
6
2
20
14
13
23
22
29
39
31
33
49
45
43
58
56
52
65
64
69
71
78
72
82
85
83
9
8
5
19
17
16
30
25
22
36
35
37
46
42
49
59
55
52
67
62
64
73
71
74
81
86
83
2
6
7
11
17
20
21
26
27
39
31
37
42
48
49
58
52
51
67
63
68
74
79
76
85
86
83
10
2
1
13
19
16
22
24
30
35
33
34
45
43
46
59
56
55
70
66
61
72
80
79
89
87
86
3
7
9
20
19
12
21
22
28
38
37
40
42
41
46
54
56
59
62
63
66
72
77
76
90
89
83
6
8
9
16
13
20
21
28
26
32
33
36
44
43
41
59
60
51
67
65
64
80
72
76
81
89
87
3
4
10
16
11
17
29
27
23
39
38
34
45
50
41
52
58
54
61
65
64
77
76
80
81
84
87
2
3
5
13
16
14
27
28
30
35
36
34
48
41
46
51
55
57
64
61
67
75
74
80
89
85
88
4
8
5
11
17
15
27
30
25
32
31
39
47
46
41
52
57
54
62
65
63
72
73
79
85
87
83
3
10
7
13
17
18
28
29
23
40
35
32
48
41
45
56
59
60
65
69
62
73
77
78
88
89
87
1
9
6
12
11
19
28
29
30
35
34
33
49
42
50
60
55
56
61
65
68
74
71
76
90
81
84
1
6
4
16
20
19
26
22
30
40
33
37
47
48
43
52
56
54
65
69
61
75
73
79
87
81
89
5
1
8
17
16
12
21
25
23
34
32
33
45
41
46
52
55
51
66
67
69
72
74
73
85
83
88
9
7
1
19
20
14
28
22
30
35
38
40
47
43
49
52
58
51
62
69
63
71
80
73
82
84
90
9
3
8
13
17
11
30
25
23
38
36
32
45
44
43
51
59
56
65
68
63
72
77
76
86
84
87
3
9
2
11
17
16
24
28
25
35
38
37
41
44
43
53
58
51
64
70
61
71
74
77
89
81
86
5
3
6
20
15
19
26
22
29
35
39
38
49
50
43
59
58
53
64
70
68
73
79
76
87
88
83
8
4
7
19
18
17
29
28
27
37
34
32
41
50
45
56
55
54
65
64
70
72
77
78
86
90
88
2
10
8
15
20
12
30
23
27
33
36
37
46
48
44
57
59
52
64
61
68
77
79
71
83
84
86
4
6
2
13
15
19
30
29
24
31
36
40
50
41
47
60
53
58
63
66
65
80
74
72
87
85
90
2
8
7
14
17
11
28
29
23
40
36
32
45
42
46
60
57
52
68
64
67
78
75
79
84
88
89
7
2
6
13
14
19
24
29
25
31
38
37
45
43
46
51
54
53
61
66
65
79
77
76
90
87
84
7
5
6
12
20
11
30
29
22
34
38
32
46
48
45
59
58
55
63
62
64
76
79
72
83
89
88
9
6
4
14
11
19
30
23
22
36
33
37
46
44
47
52
55
51
68
70
64
71
72
77
85
84
83
5
10
1
11
14
12
29
23
30
38
33
39
45
41
43
53
51
60
69
61
67
72
80
76
84
90
82
8
2
5
13
20
17
24
22
29
33
35
40
45
42
47
52
55
56
64
63
68
75
73
76
88
85
90
4
5
10
11
14
18
26
25
24
33
31
35
46
44
43
60
51
57
69
64
67
72
77
71
90
85
88
8
9
6
11
19
14
23
24
27
40
39
37
49
50
45
51
57
55
65
69
66
78
76
79
81
83
87
2
9
7
12
19
16
27
28
22
35
39
38
48
46
42
52
55
54
65
67
66
79
73
80
89
90
81
7
2
8
19
17
14
24
29
23
33
35
40
41
48
42
60
56
58
64
69
66
75
79
73
88
86
81
6
9
1
17
11
18
26
24
22
38
36
31
50
41
48
52
56
57
63
66
68
75
79
71
82
83
90
3
9
7
14
18
13
22
23
27
38
32
31
46
41
49
54
57
58
61
65
70
77
72
74
90
82
86
10
4
5
11
16
14
25
27
29
38
40
32
48
49
41
51
60
53
65
61
69
72
75
79
89
86
84
9
6
8
13
17
12
23
30
22
39
40
36
44
45
41
53
56
58
67
64
66
71
74
72
84
86
89
9
2
8
20
18
11
28
29
26
31
40
37
47
42
43
58
57
53
67
64
68
71
79
76
83
85
86
1
2
4
13
11
17
22
29
25
33
31
37
50
45
48
54
53
52
64
61
65
77
73
78
82
86
81
7
1
10
17
19
12
25
23
28
32
38
35
44
49
42
59
57
60
66
64
63
75
72
79
85
88
84
5
10
3
20
18
14
24
29
25
40
34
38
46
44
48
55
57
51
65
64
62
77
79
75
90
87
85
1
9
10
15
20
18
24
26
30
34
37
39
47
41
42
54
52
56
69
68
66
79
71
78
82
88
90
4
2
5
11
13
15
29
21
27
38
37
32
44
45
43
57
53
60
68
65
61
71
80
74
83
82
89
6
4
3
12
13
17
25
23
24
34
36
33
49
43
42
52
57
60
65
64
66
75
79
73
84
85
89
1
9
4
19
15
20
25
27
28
40
39
37
49
43
46
56
59
58
66
70
63
77
76
73
82
85
88
2
8
3
17
19
14
24
28
30
36
37
38
47
41
42
56
54
60
69
62
67
77
79
73
83
84
85
10
5
7
19
12
11
25
24
28
34
39
35
50
42
41
55
51
54
62
70
63
75
80
78
90
82
84
10
1
9
20
19
18
30
21
29
36
37
33
42
41
45
54
59
52
70
68
62
76
72
77
90
88
84
8
2
1
14
19
12
21
26
22
36
34
38
49
48
47
55
54
57
69
65
67
73
72
71
83
84
85
2
9
6
13
14
11
26
29
23
34
38
33
46
45
48
55
59
60
64
68
67
73
79
77
82
88
90
7
9
3
11
16
13
24
25
27
33
34
31
45
43
48
55
56
57
70
65
66
73
74
75
87
83
82
9
5
7
12
16
18
27
26
22
37
39
40
44
47
42
52
53
58
65
67
69
74
80
72
89
81
86
10
7
6
13
19
16
27
30
21
34
35
32
41
42
43
52
58
59
69
66
63
80
77
78
88
90
81
10
2
5
19
12
17
30
26
21
37
39
36
43
45
42
60
51
57
70
63
67
80
74
79
83
86
85
8
1
3
12
18
17
21
22
27
40
33
32
48
42
45
52
56
60
67
62
64
77
76
79
82
88
86
2
9
6
13
18
16
21
25
29
36
33
38
49
44
42
58
53
57
62
63
61
78
77
71
88
89
87
6
7
10
19
11
14
27
29
26
40
35
34
44
50
45
53
51
58
70
68
61
80
78
76
82
89
84
1
2
7
12
20
18
26
25
23
31
36
34
42
49
45
52
54
57
63
62
66
75
79
71
84
89
85
9
4
8
16
13
18
29
30
21
32
33
37
49
41
45
59
54
56
62
65
67
78
73
72
87
89
90
6